// MilkShape 3D ASCII

Frames: 30
Frame: 1

Meshes: 1
"Box04" 1 0
24
1 7.999980 -17.575239 -0.213116 0.443829 0.988361 -1
1 8.000077 15.427299 -0.213129 0.443819 0.077356 -1
1 10.147850 17.575239 -0.213118 0.117862 0.018064 -1
1 10.147810 -17.575239 -0.213116 0.117866 0.988361 -1
1 10.147852 17.575239 0.213125 0.053175 0.018064 -1
1 10.147810 -17.575239 0.213127 0.053176 0.988361 -1
1 7.999981 -17.575239 0.213127 0.508514 0.988361 -1
1 7.999982 15.427238 0.213116 0.508512 0.077357 -1
1 8.000077 15.427299 -0.213129 0.918694 0.713294 -1
1 -8.000059 15.427299 -0.213107 0.918694 0.271626 -1
1 -10.147786 17.575239 -0.213115 0.630215 0.212339 -1
1 10.147850 17.575239 -0.213118 0.630215 0.772582 -1
1 -10.147786 17.575239 0.213129 0.572968 0.212340 -1
1 10.147852 17.575239 0.213125 0.572968 0.772582 -1
1 -10.147851 -17.575239 -0.213116 0.117866 0.988361 -1
1 -10.147786 17.575239 -0.213115 0.117872 0.018064 -1
1 -8.000059 15.427299 -0.213107 0.443824 0.077356 -1
1 -8.000019 -17.575239 -0.213116 0.443826 0.988361 -1
1 -7.999992 15.427238 0.213111 0.508510 0.077358 -1
1 -8.000019 -17.575239 0.213127 0.508512 0.988361 -1
1 -10.147847 -17.575239 0.213127 0.053180 0.988361 -1
1 -10.147786 17.575239 0.213129 0.053181 0.018064 -1
1 7.999982 15.427238 0.213116 0.975941 0.713292 -1
1 -7.999992 15.427238 0.213111 0.975937 0.271627 -1
25
0.000003 -0.000000 -1.000000
0.000005 -0.000000 -1.000000
0.000000 -0.000000 -1.000000
1.000000 -0.000001 -0.000002
1.000000 -0.000001 -0.000004
1.000000 -0.000001 0.000000
-1.000000 0.000001 -0.000111
-1.000000 0.000003 0.000002
-1.000000 0.000000 -0.000224
-0.000001 0.000000 -1.000000
-0.000001 -0.000005 -1.000000
-0.000000 0.000005 -1.000000
0.000000 1.000000 0.000000
0.000002 0.000000 -1.000000
0.000003 0.000000 -1.000000
0.000000 0.000000 -1.000000
1.000000 0.000000 -0.000078
1.000000 0.000001 -0.000157
1.000000 -0.000001 0.000000
-1.000000 0.000002 0.000004
-1.000000 0.000002 0.000009
-1.000000 0.000002 0.000000
-0.000000 -1.000000 -0.000143
-0.000000 -1.000000 -0.000143
0.000000 -1.000000 -0.000143
18
1 0 1 2 0 1 0 2
1 2 3 0 0 2 0 2
1 3 2 4 3 4 3 5
1 4 5 3 3 5 3 5
1 1 0 6 6 7 6 7
1 6 7 1 6 8 6 7
1 8 9 10 9 10 9 2
1 10 11 8 9 11 9 2
1 11 10 12 12 12 12 5
1 12 13 11 12 12 12 5
1 14 15 16 13 14 13 2
1 16 17 14 13 15 13 2
1 17 16 18 16 17 16 5
1 18 19 17 16 18 16 5
1 15 14 20 19 20 19 7
1 20 21 15 19 21 19 7
1 8 22 9 22 23 23 1
1 23 9 22 24 23 23 1

Materials: 1
"01 - Default"
0.588235 0.588235 0.588235 1.000000
0.588235 0.588235 0.588235 1.000000
0.898039 0.898039 0.898039 1.000000
0.000000 0.000000 0.000000 1.000000
11.520000
1.000000
".\doorway.bmp"
""

Bones: 0
GroupComments: 0
MaterialComments: 0
BoneComments: 0
ModelComment: 0
