// MilkShape 3D ASCII

Frames: 30
Frame: 1

Meshes: 1
"Object01" 1 0
216
1 46.307907 -33.643444 -38.680527 0.661077 0.958931 -1
1 46.307907 -24.827185 -38.680527 0.660460 0.917000 -1
1 46.307907 -25.609642 -30.970749 0.698351 0.920444 -1
1 46.307907 -33.643444 -30.694733 0.699279 0.958907 -1
1 46.307907 3.390358 -39.545372 0.657236 0.782953 -1
1 46.307907 3.350647 -31.987236 0.692961 0.782715 -1
1 -46.138481 3.390366 -39.545364 0.657236 0.782953 -1
1 -46.138489 3.350643 -31.987236 0.692961 0.782715 -1
1 -46.138489 10.438145 -32.489838 0.690954 0.749805 -1
1 -46.138474 10.438137 -40.475632 0.654239 0.749327 -1
1 -46.138489 -24.827185 -38.680527 0.660460 0.917000 -1
1 -46.138474 -33.643444 -38.680527 0.661077 0.958931 -1
1 -46.138489 -33.643444 -30.694733 0.699279 0.958907 -1
1 -46.138489 -25.609642 -30.970749 0.698351 0.920444 -1
1 46.307907 -26.787472 14.248167 0.912266 0.925125 -1
1 46.307907 -34.139431 21.161261 0.945739 0.959922 -1
1 -46.138474 -34.139431 21.161268 0.945739 0.959922 -1
1 -46.138474 -24.800087 20.297689 0.940147 0.916272 -1
1 -46.138474 -26.787472 14.248182 0.912266 0.925125 -1
1 40.915878 -33.643444 -38.680527 0.634937 0.959427 -1
1 40.915878 -24.827185 -38.680527 0.634206 0.917548 -1
1 40.915878 3.390362 -39.545372 0.631867 0.783511 -1
1 40.915878 10.438137 -40.475639 0.653919 0.718616 -1
1 40.915878 10.438145 -32.459984 0.692296 0.719436 -1
1 46.307907 10.438137 -40.475639 0.654239 0.749327 -1
1 40.915878 -26.787468 14.248175 0.916600 0.922528 -1
1 46.307907 -26.787472 14.248167 0.916600 0.948146 -1
1 46.307907 -25.609642 -30.970749 0.701761 0.948146 -1
1 40.915878 -25.609642 -30.970749 0.701761 0.922528 -1
1 40.915878 -24.800087 20.297682 0.964298 0.911766 -1
1 40.915878 -34.139431 21.161253 0.971239 0.955590 -1
1 46.307907 -24.800087 20.297682 0.940147 0.916272 -1
1 40.915878 -34.139431 21.161253 0.945880 0.984646 -1
1 40.915878 -33.643444 -30.694733 0.699519 0.984646 -1
1 40.915878 -33.643444 -38.680527 0.661580 0.984646 -1
1 -40.746460 -24.827185 -38.680527 0.634206 0.917548 -1
1 -40.746452 -33.643444 -38.680527 0.634937 0.959427 -1
1 -40.746452 -33.643444 -38.680527 0.661580 0.984646 -1
1 -40.746460 -33.643444 -30.694733 0.699519 0.984646 -1
1 -40.746445 -34.139431 21.161268 0.945880 0.984646 -1
1 -40.746445 -34.139431 21.161268 0.971239 0.955590 -1
1 -40.746445 -24.800087 20.297697 0.964298 0.911766 -1
1 -40.746460 3.350643 -31.987236 0.719116 0.809396 -1
1 -40.746460 -25.609642 -30.970749 0.724554 0.918932 -1
1 -40.746460 10.438145 -32.459976 0.692296 0.719436 -1
1 -40.746460 3.390369 -39.545372 0.631867 0.783511 -1
1 -40.746452 10.438137 -40.475639 0.631282 0.750033 -1
1 46.307907 10.438145 -32.489838 0.690954 0.749805 -1
1 40.915878 10.438137 -40.475639 0.631282 0.750033 -1
1 40.915878 -25.609642 -30.970749 0.724554 0.918932 -1
1 40.915878 3.350647 -31.987236 0.719116 0.809396 -1
1 -40.746460 -25.609642 -30.970749 0.701781 0.922516 -1
1 -46.138489 -25.609642 -30.970749 0.701781 0.948131 -1
1 -46.138474 -26.787472 14.248182 0.916600 0.948131 -1
1 -40.746437 -26.787468 14.248175 0.916600 0.922515 -1
1 40.915878 3.350647 -31.987236 0.702697 0.687058 -1
1 40.915878 -1.061222 9.689322 0.900079 0.713199 -1
1 40.915878 4.881504 15.074644 0.917427 0.746313 -1
1 46.307907 -1.061222 9.689314 0.890863 0.804105 -1
1 40.915878 -1.061222 9.689322 0.867476 0.824589 -1
1 46.307907 4.881512 15.074644 0.916419 0.776308 -1
1 -46.138474 4.881512 15.074659 0.916419 0.776308 -1
1 -40.746445 4.881512 15.074652 0.917427 0.746313 -1
1 -46.138474 -1.061222 9.689329 0.890863 0.804105 -1
1 -40.746445 -1.061222 9.689322 0.867476 0.824589 -1
1 -40.746460 3.350643 -31.987236 0.702697 0.687058 -1
1 -40.746445 -1.061222 9.689322 0.900079 0.713199 -1
1 -40.746445 -24.800087 20.297697 0.975562 0.615415 -1
1 -40.746437 -26.787468 14.248175 0.949844 0.599486 -1
1 -40.746437 -26.787468 14.248175 0.885104 0.921368 -1
1 -40.746445 4.881512 15.074652 0.942238 0.772489 -1
1 40.915878 4.881504 15.074644 0.942238 0.772489 -1
1 40.915878 -26.787468 14.248175 0.885104 0.921368 -1
1 40.915878 -26.787468 14.248175 0.949844 0.599486 -1
1 40.915878 -24.800087 20.297682 0.975562 0.615415 -1
1 -40.746452 10.438137 -40.475639 0.653919 0.718616 -1
1 -40.821312 -33.643444 -38.680527 0.466672 0.388668 -1
1 -40.821320 -18.081732 -38.680527 0.415548 0.386490 -1
1 40.841019 -18.081732 -38.680527 0.415548 0.644803 -1
1 40.841019 -33.643444 -38.680527 0.466672 0.642625 -1
1 -40.821312 28.495239 -42.334862 0.261989 0.385629 -1
1 40.841019 28.495239 -42.334862 0.261989 0.645664 -1
1 -40.821312 96.983856 -50.487877 0.035778 0.388668 -1
1 40.841019 96.983856 -50.487877 0.035778 0.642625 -1
1 40.841019 -35.539700 43.178497 0.735709 0.642625 -1
1 40.841019 -27.758841 43.178505 0.766768 0.668441 -1
1 -40.821312 -27.758841 43.178482 0.765575 0.358903 -1
1 -40.821312 -35.539700 43.178490 0.735709 0.388668 -1
1 33.198715 -18.081730 -21.054337 0.274517 0.292438 -1
1 33.198700 28.495224 -24.708672 0.460565 0.292309 -1
1 -33.179001 28.495224 -24.708672 0.460565 0.043853 -1
1 -33.179001 -18.081730 -21.054337 0.274480 0.043214 -1
1 33.198700 89.578979 -32.668243 0.699551 0.292309 -1
1 -33.179001 89.578979 -32.668243 0.699551 0.043853 -1
1 40.841019 96.983856 -41.674782 0.008441 0.673152 -1
1 40.841019 28.495239 -33.521767 0.264913 0.675999 -1
1 -40.821320 96.983856 -41.674782 0.008441 0.358148 -1
1 -40.821320 28.495239 -33.521767 0.264913 0.355294 -1
1 -5.568222 -96.983856 -4.480257 0.158253 0.889527 -1
1 5.568222 -96.983856 -4.480257 0.030458 0.902841 -1
1 5.568222 -96.983856 6.074469 0.054125 0.988145 -1
1 -5.568222 -96.983856 6.074469 0.179455 0.965942 -1
1 -33.178993 -19.492918 35.551575 0.055348 0.043685 -1
1 33.198715 -19.492918 35.551605 0.055590 0.292329 -1
1 10.983261 -50.577374 -9.531464 0.562191 0.549772 -1
1 -10.964401 -50.577374 -9.531464 0.562191 0.481518 -1
1 10.983261 -50.578266 11.126013 0.630194 0.549772 -1
1 -10.964401 -50.578266 11.126020 0.630194 0.481519 -1
1 8.239807 -57.043812 -7.045115 0.585244 0.526902 -1
1 -8.220947 -57.043812 -7.045115 0.585244 0.504389 -1
1 8.239807 -57.043812 8.639303 0.607143 0.526902 -1
1 -8.220947 -57.043812 8.639311 0.607142 0.504389 -1
1 -8.220947 -57.043812 -7.045115 0.973340 0.283312 -1
1 8.239807 -57.043812 -7.045115 0.863164 0.283312 -1
1 3.800781 -57.043720 -2.918291 0.892876 0.310934 -1
1 -3.781921 -57.043720 -2.918291 0.943629 0.310934 -1
1 8.239807 -57.043812 8.639303 0.863164 0.388292 -1
1 3.800781 -57.043720 4.512510 0.892876 0.360671 -1
1 -8.220947 -57.043812 8.639311 0.973340 0.388292 -1
1 -3.781921 -57.043720 4.512510 0.943629 0.360671 -1
1 -3.781921 -57.043720 -2.918291 0.765944 0.078583 -1
1 3.800781 -57.043720 -2.918291 0.765944 0.139384 -1
1 3.800781 -84.337769 -2.918291 0.984797 0.139384 -1
1 -3.781921 -84.337769 -2.918291 0.984797 0.076842 -1
1 3.800781 -57.043720 4.512510 0.765944 0.198967 -1
1 3.800781 -84.337769 4.512518 0.984797 0.198967 -1
1 -3.781921 -57.043720 4.512510 0.765944 0.259767 -1
1 -3.781921 -84.337769 4.512518 0.984797 0.259767 -1
1 -3.781921 -57.043720 4.512510 0.765944 0.019000 -1
1 -3.781921 -84.337769 4.512518 0.984797 0.020741 -1
1 -3.649216 -90.606369 -48.893661 0.540241 0.766964 -1
1 3.649216 -90.606369 -48.893661 0.541151 0.812910 -1
1 3.649216 -96.983643 -48.893661 0.602095 0.813880 -1
1 -3.649216 -96.983643 -48.893661 0.600681 0.766270 -1
1 50.103226 -90.606369 -2.748384 0.540241 0.766964 -1
1 50.103226 -90.606369 3.577314 0.541151 0.812910 -1
1 50.103241 -96.983643 4.342543 0.602095 0.813880 -1
1 50.103241 -96.983643 -2.748384 0.600681 0.766270 -1
1 3.649216 -90.606384 50.487877 0.540241 0.766964 -1
1 -3.649193 -90.606384 50.487877 0.541151 0.812910 -1
1 -3.649193 -96.983643 50.487877 0.602095 0.813880 -1
1 3.649216 -96.983643 50.487877 0.600681 0.766270 -1
1 -50.103218 -90.606369 4.342588 0.540241 0.766964 -1
1 -50.103241 -90.606369 -2.748346 0.541151 0.812910 -1
1 -50.103233 -96.983643 -2.748346 0.602095 0.813880 -1
1 -50.103218 -96.983643 4.342588 0.600681 0.766270 -1
1 -3.781921 -84.337769 -2.918291 0.127279 0.765506 -1
1 3.800781 -84.337769 -2.918291 0.127279 0.817694 -1
1 5.568222 -96.983856 -4.480257 0.158253 0.889527 -1
1 3.649216 -96.983643 -48.893661 0.547963 0.851303 -1
1 -5.568222 -96.983856 -4.480257 0.179455 0.965942 -1
1 -3.649216 -96.983643 -48.893661 0.559892 0.895747 -1
1 -5.568222 -96.983856 -4.480257 0.158425 0.689125 -1
1 -3.649216 -96.983643 -48.893661 0.543490 0.722797 -1
1 3.800781 -84.337769 -2.918291 0.127279 0.765506 -1
1 3.800781 -84.337769 4.512518 0.127279 0.817694 -1
1 5.568222 -96.983856 6.074469 0.158253 0.889527 -1
1 50.103241 -96.983643 4.342543 0.547963 0.851303 -1
1 5.568222 -96.983856 -4.480257 0.179455 0.965942 -1
1 50.103241 -96.983643 -2.748384 0.559892 0.895747 -1
1 5.568222 -96.983856 -4.480257 0.158425 0.689125 -1
1 50.103241 -96.983643 -2.748384 0.543490 0.722797 -1
1 3.800781 -84.337769 4.512518 0.127279 0.765506 -1
1 -3.781921 -84.337769 4.512518 0.127279 0.817694 -1
1 -5.568222 -96.983856 6.074469 0.158253 0.889527 -1
1 -3.649193 -96.983643 50.487877 0.547963 0.851303 -1
1 5.568222 -96.983856 6.074469 0.179455 0.965942 -1
1 3.649216 -96.983643 50.487877 0.559892 0.895747 -1
1 5.568222 -96.983856 6.074469 0.158425 0.689125 -1
1 3.649216 -96.983643 50.487877 0.543490 0.722797 -1
1 -3.781921 -84.337769 4.512518 0.127279 0.765506 -1
1 -3.781921 -84.337769 -2.918291 0.127279 0.817694 -1
1 -50.103233 -96.983643 -2.748346 0.547963 0.851303 -1
1 -50.103218 -96.983643 4.342588 0.559892 0.895747 -1
1 -5.568222 -96.983856 6.074469 0.158425 0.689125 -1
1 -50.103218 -96.983643 4.342588 0.543490 0.722797 -1
1 40.841019 28.495239 -33.521767 0.468249 0.327741 -1
1 40.841019 96.983856 -41.674782 0.750480 0.327167 -1
1 40.841019 96.983856 -41.674782 0.751148 0.327155 -1
1 -40.821320 96.983856 -41.674782 0.751524 0.008040 -1
1 -40.821320 28.495239 -33.521767 0.468249 0.008033 -1
1 -40.821320 96.983856 -41.674782 0.750104 0.008039 -1
1 -40.821320 28.495239 -33.521767 0.468249 0.008033 -1
1 -40.821320 -25.862587 -21.054337 0.446824 0.340656 -1
1 -40.821320 -18.081732 -29.867432 0.418702 0.357016 -1
1 40.841019 -18.081732 -29.867432 0.418702 0.674278 -1
1 40.841019 -25.862587 -21.054337 0.446824 0.684111 -1
1 33.198715 -19.492918 35.551605 0.055420 0.292336 -1
1 40.841019 -27.758841 43.178505 0.007986 0.327247 -1
1 40.841019 -25.862587 -21.054337 0.255667 0.328510 -1
1 40.841019 -25.862587 -21.054337 0.255667 0.328510 -1
1 33.198715 -18.081730 -21.054337 0.274468 0.292452 -1
1 33.198715 -19.492918 35.551605 0.055420 0.292336 -1
1 -40.821320 28.495239 -33.521767 0.468249 0.008033 -1
1 -40.821320 -18.081732 -29.867432 0.279438 0.008020 -1
1 -40.821320 -18.081732 -29.867432 0.279438 0.008020 -1
1 -40.821312 -35.539700 43.178490 0.735478 0.387811 -1
1 -40.821312 -35.539700 43.178490 0.735478 0.387811 -1
1 -40.821312 -27.758841 43.178482 0.007845 0.008037 -1
1 -40.821312 -27.758841 43.178482 0.007845 0.008037 -1
1 40.841019 -27.758841 43.178505 0.007971 0.327237 -1
1 -40.821320 -25.862587 -21.054337 0.255375 0.008024 -1
1 -40.821320 -18.081732 -29.867432 0.279427 0.008019 -1
1 40.841019 -18.081732 -29.867432 0.279375 0.328819 -1
1 40.841019 -25.862587 -21.054337 0.255643 0.328486 -1
1 40.841019 -18.081732 -29.867432 0.279490 0.328714 -1
1 40.841019 -18.081732 -29.867432 0.279490 0.328714 -1
1 40.841019 28.495239 -33.521767 0.468249 0.327741 -1
1 40.841019 -35.539700 43.178497 0.737804 0.644227 -1
1 40.841019 -35.539700 43.178497 0.737804 0.644227 -1
1 -33.178993 -19.492918 35.551575 0.055176 0.043643 -1
1 -33.179001 -18.081730 -21.054337 0.274436 0.043171 -1
1 -40.821320 -25.862587 -21.054337 0.255436 0.008024 -1
1 -40.821320 -25.862587 -21.054337 0.255436 0.008024 -1
1 -40.821312 -27.758841 43.178482 0.007870 0.008037 -1
1 -33.178993 -19.492918 35.551575 0.055176 0.043643 -1
183
0.666667 -0.666667 -0.333333
0.600045 -0.012255 -0.799872
0.970142 0.008508 0.242386
0.707110 -0.707089 -0.004509
0.707504 -0.068947 -0.703338
0.921518 -0.170350 0.348978
-0.707504 -0.045310 -0.705255
-0.884756 -0.432161 0.174483
-0.894758 0.445797 0.025951
-0.354594 0.616383 -0.703090
-0.894448 -0.006851 -0.447120
-0.408248 -0.408249 -0.816497
-0.707110 -0.707100 -0.002255
-0.894427 0.015687 0.446938
0.894427 -0.078033 -0.440353
0.682247 -0.278291 0.676087
-0.813680 -0.517455 0.264887
-0.447515 0.118761 0.886356
-0.970143 -0.042319 -0.238815
0.000000 0.000000 -1.000000
0.000000 -0.015319 -0.999883
-0.000000 -0.064115 -0.997943
0.000000 1.000000 -0.000001
-0.555155 0.831122 0.032238
0.427313 0.798708 -0.423639
0.000000 0.999661 0.026038
0.000001 0.999661 0.026038
0.000000 0.999661 0.026038
-0.000000 0.132801 0.991143
-0.000001 0.092073 0.995752
0.832265 0.073622 0.549467
0.000000 -0.999954 -0.009564
0.000000 -0.999995 -0.003188
0.000000 -0.999954 -0.009564
0.000000 -1.000000 0.000000
-0.000000 -0.015319 -0.999883
0.000000 -0.999980 -0.006376
0.000000 -0.999954 -0.009564
-0.000001 0.132801 0.991143
0.000000 0.092074 0.995752
0.000000 -0.438665 0.898650
0.000000 0.035078 0.999385
0.242775 0.968442 0.056394
-0.000001 -0.097561 -0.995230
-0.000001 -0.130860 -0.991401
0.707714 0.704374 0.054751
0.000000 -0.130859 -0.991401
-0.000000 -0.130859 -0.991401
0.000000 0.035078 0.999385
-0.000000 -0.927274 0.374383
0.000000 0.999661 0.026038
-0.000001 0.999661 0.026038
-1.000000 0.000000 0.000000
-0.831996 0.551033 0.064394
0.771805 -0.556568 -0.307488
-0.000000 -0.994444 -0.105272
0.770863 0.344282 0.535948
-0.770926 0.554894 0.312674
0.948683 0.314089 0.036716
-0.771806 -0.345619 -0.533726
-0.000001 -0.875301 -0.483579
1.000000 -0.000000 -0.000000
1.000000 0.000000 -0.000000
1.000000 0.000000 0.000001
1.000000 0.000000 0.000000
-0.000001 -0.174488 -0.984659
-0.000001 -0.174488 -0.984659
-0.000001 0.173306 0.984868
0.000001 0.173306 0.984868
-0.000000 0.173306 0.984868
-0.000002 -0.174488 -0.984659
-0.000001 -0.174488 -0.984659
-0.000000 1.000000 -0.000001
-0.656761 -0.492343 -0.571195
-0.832246 -0.021699 -0.553981
0.600294 -0.031302 -0.799166
0.794312 -0.525154 -0.305419
-0.600077 -0.078580 -0.796073
0.832102 -0.054482 -0.551940
-0.425352 0.800424 -0.422370
0.425352 0.324793 -0.844740
0.118734 -0.684805 0.718988
0.707107 -0.000001 0.707107
-0.447214 0.000000 0.894427
-0.293513 -0.846499 0.444174
0.347551 0.460441 0.816825
0.495058 0.086492 0.864544
-0.354341 0.094404 0.930339
-0.360749 0.722133 0.590241
0.337010 0.272845 0.901099
-0.343664 0.427719 0.836033
0.707107 0.707107 0.000000
-0.894427 0.447214 -0.000001
-1.000000 -0.000000 -0.000001
-0.009644 -0.968728 -0.247938
-0.000002 -1.000000 0.000000
-0.000000 0.910934 0.412553
-0.000000 0.910934 0.412553
0.484788 -0.776525 -0.402479
-0.384244 -0.778250 -0.496672
0.393164 -0.787483 0.474651
-0.475621 -0.797997 0.370116
0.390388 -0.470011 -0.791636
-0.780761 -0.483463 -0.395823
0.780758 -0.483493 0.395792
-0.390372 -0.470096 0.791593
0.000000 -1.000000 0.000022
-0.000007 -1.000000 0.000015
0.000014 -1.000000 0.000007
0.000000 -1.000000 0.000022
-0.000021 -1.000000 0.000000
-0.000014 -1.000000 -0.000007
-0.000021 -1.000000 0.000000
-0.000000 -1.000000 -0.000022
0.000007 -1.000000 -0.000015
0.000000 -1.000000 -0.000022
0.000021 -1.000000 0.000000
0.447214 0.000000 -0.894427
-0.894427 0.000000 -0.447214
0.894427 0.000000 0.447214
0.000000 0.000000 1.000000
-0.626306 0.356949 -0.693058
0.390767 0.774374 -0.497641
0.692895 0.352620 -0.628933
0.489552 0.788467 0.372369
1.000000 0.000002 0.000000
0.626415 0.356527 0.693176
-0.390799 0.774435 0.497521
0.000000 0.000000 1.000000
-0.692883 0.352632 0.628939
-0.497128 0.774658 -0.390856
-1.000000 -0.000001 0.000003
-1.000000 0.000000 0.000002
0.000000 0.990832 -0.135097
0.000000 0.990832 -0.135097
0.988733 0.143464 -0.042720
0.999995 0.000000 -0.003297
0.000000 -1.000000 -0.000005
-0.989540 0.142529 -0.022290
-0.999068 0.000000 -0.043168
0.134160 0.990960 0.000000
0.038540 0.127794 0.991052
0.036160 0.119061 0.992228
0.000005 -1.000000 0.000000
0.000005 -1.000000 0.000000
0.020616 0.125394 -0.991893
0.038859 0.000000 -0.999245
0.000000 0.990832 0.135097
-0.988523 0.144907 0.042712
-0.999996 0.000000 0.002887
0.000000 -1.000000 0.000005
0.989739 0.141107 0.022502
0.999068 0.000000 0.043168
-0.134106 0.990967 0.000000
-0.134106 0.990967 0.000000
-0.038540 0.127851 -0.991044
-0.003669 -0.000000 -0.999993
-0.000005 -1.000000 0.000000
-0.000005 -1.000000 0.000000
-0.020612 0.125422 0.991889
-0.038859 0.000000 0.999245
0.752768 0.085059 0.652767
0.726003 0.081290 0.682870
0.000000 0.772447 0.635080
0.000000 0.772447 0.635080
-0.752768 0.085059 0.652767
-0.726003 0.081290 0.682870
-1.000000 -0.000000 -0.000000
-1.000000 -0.000000 -0.000000
0.724689 0.688776 0.020334
0.713321 0.700619 0.017466
-0.754510 0.051333 0.654277
-0.754510 0.051333 0.654277
-1.000000 0.000000 0.000000
-1.000000 -0.000001 -0.000000
-0.000000 0.678128 0.734944
-0.000000 0.678127 0.734945
-0.606711 0.595909 0.526112
0.606712 0.595908 0.526112
0.754511 0.051333 0.654277
0.754510 0.051333 0.654277
-0.713321 0.700620 0.017467
-0.724688 0.688777 0.020334
210
1 0 1 2 0 1 2 1
1 2 3 0 2 3 0 1
1 1 4 5 1 4 5 1
1 5 2 1 5 2 1 1
1 6 7 8 6 7 8 1
1 8 9 6 8 9 6 1
1 10 11 12 10 11 12 1
1 12 13 10 12 13 10 1
1 3 2 14 3 2 14 1
1 14 15 3 14 15 3 1
1 16 17 18 16 17 18 1
1 19 20 1 19 20 1 1
1 1 0 19 1 0 19 1
1 21 4 1 21 4 1 1
1 1 20 21 1 20 21 1
1 22 23 24 22 23 24 1
1 25 26 27 25 26 26 1
1 27 28 25 27 27 25 1
1 29 30 15 28 29 15 1
1 15 31 29 15 30 28 1
1 32 33 3 31 32 3 1
1 3 15 32 3 15 33 1
1 33 34 0 32 34 0 1
1 0 3 33 0 3 32 1
1 35 36 11 35 19 11 1
1 11 10 35 11 10 35 1
1 37 38 12 34 36 12 1
1 12 11 37 12 11 34 1
1 38 39 16 36 37 16 1
1 16 12 38 16 12 36 1
1 40 41 17 29 38 17 1
1 17 16 40 17 16 39 1
1 42 7 13 40 7 13 1
1 13 43 42 13 41 40 1
1 44 9 8 42 9 8 1
1 45 6 9 43 6 9 1
1 9 46 45 9 44 43 1
1 4 24 47 4 24 45 1
1 47 5 4 45 5 4 1
1 10 13 7 10 13 7 1
1 7 6 10 7 6 10 1
1 48 24 4 46 24 4 1
1 4 21 48 4 21 47 1
1 49 2 5 48 2 5 1
1 5 50 49 5 49 48 1
1 35 10 6 35 10 6 1
1 6 45 35 6 43 35 1
1 51 52 53 50 50 50 1
1 53 54 51 51 51 51 1
1 13 12 16 13 12 16 1
1 16 18 13 16 18 13 1
1 14 31 15 14 30 15 1
1 23 55 56 23 52 52 1
1 56 57 23 52 53 23 1
1 50 5 58 49 5 54 1
1 58 59 50 54 55 49 1
1 5 47 60 5 45 56 1
1 60 58 5 56 54 5 1
1 47 23 57 45 23 53 1
1 57 60 47 53 56 45 1
1 44 8 61 42 8 57 1
1 61 62 44 57 58 42 1
1 8 7 63 8 7 59 1
1 63 61 8 59 57 8 1
1 7 42 64 7 40 60 1
1 64 63 7 60 59 7 1
1 65 44 62 61 42 58 1
1 62 66 65 58 62 62 1
1 67 68 66 63 63 63 1
1 66 62 67 64 58 64 1
1 69 18 63 65 18 59 1
1 63 64 69 59 60 66 1
1 18 17 61 18 17 57 1
1 61 63 18 57 59 18 1
1 17 41 70 17 38 67 1
1 70 61 17 68 57 17 1
1 29 31 60 28 30 56 1
1 60 71 29 56 69 28 1
1 31 14 58 30 14 54 1
1 58 60 31 54 56 30 1
1 14 72 59 14 70 70 1
1 59 58 14 71 54 14 1
1 73 74 57 52 52 53 1
1 57 56 73 53 52 52 1
1 44 75 9 42 72 9 1
1 23 47 24 23 45 24 1
1 76 77 78 73 74 75 3
1 78 79 76 75 76 73 3
1 80 81 78 77 78 75 3
1 78 77 80 75 74 77 3
1 80 82 83 77 79 80 3
1 83 81 80 80 78 77 3
1 84 85 86 81 82 83 3
1 86 87 84 83 84 81 3
1 88 89 90 85 86 87 3
1 90 91 88 87 88 85 3
1 90 89 92 87 86 89 3
1 92 93 90 89 90 87 3
1 81 83 94 78 80 91 3
1 94 95 81 91 64 78 3
1 82 96 94 79 92 91 3
1 94 83 82 91 80 79 3
1 80 97 96 77 93 92 3
1 96 82 80 92 79 77 3
1 98 99 100 94 34 34 1
1 100 101 98 34 95 94 1
1 91 102 103 88 96 97 3
1 103 88 91 97 85 88 3
1 76 79 104 73 76 98 3
1 104 105 76 98 99 73 3
1 79 84 106 76 81 100 3
1 106 104 79 100 98 76 3
1 84 87 107 81 84 101 3
1 107 106 84 101 100 81 3
1 87 76 105 84 73 99 3
1 105 107 87 99 101 84 3
1 105 104 108 99 98 102 3
1 108 109 105 102 103 99 3
1 104 106 110 98 100 104 3
1 110 108 104 104 102 98 3
1 106 107 111 100 101 105 3
1 111 110 106 105 104 100 3
1 107 105 109 101 99 103 3
1 109 111 107 103 105 101 3
1 112 113 114 106 106 107 1
1 114 115 112 107 108 109 1
1 113 116 117 110 110 111 1
1 117 114 113 111 107 112 1
1 116 118 119 113 113 114 1
1 119 117 116 114 111 115 1
1 118 112 115 116 116 108 1
1 115 119 118 108 114 116 1
1 120 121 122 19 19 117 1
1 122 123 120 117 118 19 1
1 121 124 125 64 64 119 1
1 125 122 121 119 117 64 1
1 124 126 127 120 120 120 1
1 127 125 124 120 119 120 1
1 128 120 123 52 52 118 1
1 123 129 128 118 52 52 1
1 130 131 132 121 122 19 1
1 132 133 130 19 19 121 1
1 134 135 136 123 124 125 1
1 136 137 134 125 125 123 1
1 138 139 140 126 127 128 1
1 140 141 138 128 128 126 1
1 142 143 144 129 130 131 1
1 144 145 142 131 132 129 1
1 146 147 131 133 133 122 1
1 131 130 146 122 121 134 1
1 147 148 149 135 135 135 1
1 149 131 147 136 122 136 1
1 148 150 151 137 137 137 1
1 151 149 148 137 137 137 1
1 152 146 130 138 138 121 1
1 130 153 152 121 139 139 1
1 154 155 135 140 140 124 1
1 135 134 154 124 123 140 1
1 155 156 157 141 141 141 1
1 157 135 155 142 124 142 1
1 156 158 159 143 143 143 1
1 159 157 156 144 144 144 1
1 160 154 134 145 145 123 1
1 134 161 160 123 146 146 1
1 162 163 139 147 147 127 1
1 139 138 162 127 126 147 1
1 163 164 165 148 148 148 1
1 165 139 163 149 127 149 1
1 164 166 167 150 150 150 1
1 167 165 164 150 150 150 1
1 168 162 138 151 151 126 1
1 138 169 168 126 152 152 1
1 170 171 143 153 153 130 1
1 143 142 170 130 129 154 1
1 171 98 172 155 94 155 1
1 172 143 171 156 130 156 1
1 98 101 173 94 95 157 1
1 173 172 98 158 158 94 1
1 174 170 142 159 159 129 1
1 142 175 174 129 160 160 1
1 92 89 176 89 86 161 3
1 176 177 92 162 162 89 3
1 93 92 178 90 89 163 3
1 178 179 93 164 164 90 3
1 180 90 93 165 87 90 3
1 93 181 182 90 166 166 3
1 76 183 184 73 167 168 3
1 184 77 76 168 74 73 3
1 185 186 79 64 64 76 3
1 79 78 185 76 75 64 3
1 78 81 95 75 78 64 3
1 95 185 78 64 64 75 3
1 187 188 189 169 169 169 3
1 190 191 192 170 170 170 3
1 90 193 194 87 171 171 3
1 195 91 90 172 88 87 3
1 196 86 183 173 83 167 3
1 183 76 197 167 73 174 3
1 103 102 198 97 96 175 3
1 199 200 103 176 176 97 3
1 201 91 202 177 88 177 3
1 203 88 204 178 85 178 3
1 89 88 205 86 85 179 3
1 206 207 89 180 180 86 3
1 208 79 186 64 76 64 3
1 186 85 209 64 82 64 3
1 97 80 77 93 77 74 3
1 77 184 97 74 168 93 3
1 210 211 212 181 181 181 3
1 213 214 215 182 182 182 3

Materials: 1
"03 - Default"
0.588235 0.588235 0.588235 1.000000
0.588235 0.588235 0.588235 1.000000
0.898039 0.898039 0.898039 1.000000
0.000000 0.000000 0.000000 1.000000
12.799999
1.000000
".\chair.bmp"
""

Bones: 0
GroupComments: 0
MaterialComments: 0
BoneComments: 0
ModelComment: 0
