// MilkShape 3D ASCII

Frames: 30
Frame: 1

Meshes: 1
"Box06" 1 0
104
1 43.079788 -49.660656 45.796055 0.668806 0.982193 -1
1 91.971283 -49.660656 45.796055 0.968947 0.982193 -1
1 91.971283 -4.896258 45.796055 0.968947 0.767944 -1
1 43.079788 -4.896258 45.796055 0.668806 0.767944 -1
1 43.079788 -49.660656 43.345955 0.668806 0.993920 -1
1 91.971283 -49.660656 43.345955 0.968947 0.993920 -1
1 91.971283 -49.660656 43.345955 0.983988 0.982193 -1
1 91.971283 -4.896258 43.345955 0.983988 0.767944 -1
1 91.971283 -4.896258 43.345955 0.968947 0.756218 -1
1 43.079788 -4.896258 43.345955 0.668806 0.756218 -1
1 43.079788 -4.896258 43.345955 0.653765 0.767944 -1
1 43.079788 -49.660656 43.345955 0.653765 0.982193 -1
1 39.999508 47.246765 43.699234 0.019807 0.529979 -1
1 39.999500 -53.000008 43.699230 0.019807 0.942167 -1
1 94.999512 -53.000008 43.699230 0.246090 0.942163 -1
1 94.999512 47.246765 43.699226 0.246091 0.529976 -1
1 94.999496 -53.000008 -44.242462 0.607477 0.942158 -1
1 94.999496 47.246777 -44.242462 0.607477 0.529988 -1
1 94.999496 47.246777 -44.242462 0.019807 0.529979 -1
1 94.999496 -53.000008 -44.242462 0.019807 0.942167 -1
1 39.999512 -53.000008 -44.242462 0.246090 0.942163 -1
1 39.999512 47.246777 -44.242462 0.246091 0.529976 -1
1 39.999500 -53.000008 43.699230 0.607477 0.942158 -1
1 39.999508 47.246765 43.699234 0.607477 0.529988 -1
1 43.079788 -1.889606 45.796051 0.668670 0.740180 -1
1 91.971283 -1.889606 45.796051 0.968811 0.740180 -1
1 91.971283 20.110287 45.796059 0.968811 0.634886 -1
1 43.079788 20.110287 45.796059 0.668670 0.634886 -1
1 43.079788 -1.889606 43.345955 0.668670 0.751907 -1
1 91.971283 -1.889606 43.345955 0.968811 0.751907 -1
1 91.971283 -1.889606 43.345955 0.983852 0.740180 -1
1 91.971283 20.110287 43.345955 0.983852 0.634886 -1
1 91.971283 20.110287 43.345955 0.968811 0.623159 -1
1 43.079788 20.110287 43.345955 0.668670 0.623159 -1
1 43.079788 20.110287 43.345955 0.653629 0.634886 -1
1 43.079788 -1.889606 43.345955 0.653629 0.740180 -1
1 43.079788 23.155807 45.796059 0.668645 0.606581 -1
1 91.971283 23.155807 45.796059 0.968786 0.606581 -1
1 91.971283 45.155701 45.796051 0.968786 0.501286 -1
1 43.079788 45.155701 45.796051 0.668645 0.501286 -1
1 43.079788 23.155807 43.345955 0.668645 0.618308 -1
1 91.971283 23.155807 43.345955 0.968786 0.618308 -1
1 91.971283 23.155807 43.345955 0.983827 0.606581 -1
1 91.971283 45.155701 43.345955 0.983827 0.501286 -1
1 91.971283 45.155701 43.345955 0.968786 0.489560 -1
1 43.079788 45.155701 43.345955 0.668645 0.489560 -1
1 43.079788 45.155701 43.345955 0.653604 0.501286 -1
1 43.079788 23.155807 43.345955 0.653605 0.606581 -1
1 -106.273056 46.999992 51.596786 0.988210 0.007804 -1
1 -106.273056 47.000004 -51.596786 0.767036 0.007804 -1
1 106.273056 47.000004 -51.596786 0.767036 0.463351 -1
1 106.273056 46.999992 51.596786 0.988209 0.463351 -1
1 -106.273056 52.999992 51.596786 0.026585 0.464651 -1
1 106.273056 52.999992 51.596786 0.738101 0.464651 -1
1 106.273056 53.000008 -51.596786 0.738101 0.027960 -1
1 -106.273056 53.000008 -51.596786 0.026585 0.027960 -1
1 -106.273056 46.999992 51.596786 0.026481 0.484742 -1
1 106.273056 46.999992 51.596786 0.738205 0.484742 -1
1 106.273056 46.999992 51.596786 0.758088 0.464707 -1
1 106.273056 47.000004 -51.596786 0.758192 0.027916 -1
1 106.273056 47.000004 -51.596786 0.738205 0.007919 -1
1 -106.273056 47.000004 -51.596786 0.026481 0.007919 -1
1 -106.273056 47.000004 -51.596786 0.006494 0.027916 -1
1 -106.273056 46.999992 51.596786 0.006598 0.464707 -1
1 -94.881897 47.246765 43.646339 0.607477 0.529988 -1
1 -94.881897 -53.000008 43.646339 0.607477 0.942158 -1
1 -88.881897 -53.000008 43.646339 0.632421 0.942157 -1
1 -88.881897 47.246765 43.646339 0.632421 0.529988 -1
1 -88.881897 47.246765 43.646339 0.246091 0.529976 -1
1 -88.881897 -53.000008 43.646339 0.246090 0.942163 -1
1 -88.881897 -53.000008 -44.295349 0.607477 0.942158 -1
1 -88.881897 47.246777 -44.295364 0.607477 0.529988 -1
1 -94.881897 -53.000008 -44.295349 0.632421 0.942157 -1
1 -94.881897 47.246777 -44.295364 0.632421 0.529988 -1
1 -94.881897 47.246777 -44.295364 0.246091 0.529976 -1
1 -94.881897 -53.000008 -44.295349 0.246090 0.942163 -1
1 94.999496 -53.000008 -44.242462 0.000000 1.000000 -1
1 94.999512 -53.000008 43.699230 0.000000 1.000000 -1
1 39.999500 -53.000008 43.699230 0.000000 1.000000 -1
1 39.999512 -53.000008 -44.242462 0.000000 1.000000 -1
1 -88.881897 -53.000008 -44.295349 0.000000 1.000000 -1
1 -88.881897 -53.000008 43.646339 0.000000 1.000000 -1
1 -94.881897 -53.000008 43.646339 0.000000 1.000000 -1
1 -94.881897 -53.000008 -44.295349 0.000000 1.000000 -1
1 -88.881897 47.246777 -44.295364 0.000000 1.000000 -1
1 -94.881897 47.246777 -44.295364 0.000000 1.000000 -1
1 -94.881897 47.246765 43.646339 0.000000 1.000000 -1
1 -88.881897 47.246765 43.646339 0.000000 1.000000 -1
1 94.999496 47.246777 -44.242462 0.000000 1.000000 -1
1 39.999512 47.246777 -44.242462 0.000000 1.000000 -1
1 39.999508 47.246765 43.699234 0.000000 1.000000 -1
1 94.999512 47.246765 43.699226 0.000000 1.000000 -1
1 91.971283 -4.896258 43.345955 0.019807 0.942167 -1
1 91.971283 -49.660656 43.345955 0.607477 0.942158 -1
1 43.079788 -49.660656 43.345955 0.607477 0.529988 -1
1 43.079788 -4.896258 43.345955 0.246091 0.529976 -1
1 91.971283 20.110287 43.345955 0.000000 1.000000 -1
1 91.971283 -1.889606 43.345955 0.000000 1.000000 -1
1 43.079788 -1.889606 43.345955 0.000000 1.000000 -1
1 43.079788 20.110287 43.345955 0.000000 1.000000 -1
1 91.971283 45.155701 43.345955 0.000000 1.000000 -1
1 91.971283 23.155807 43.345955 0.000000 1.000000 -1
1 43.079788 23.155807 43.345955 0.000000 1.000000 -1
1 43.079788 45.155701 43.345955 0.000000 1.000000 -1
23
0.000000 0.000000 1.000000
0.000000 -1.000000 0.000000
1.000000 0.000000 0.000000
0.000000 1.000000 0.000000
-1.000000 0.000000 0.000000
0.000000 0.000000 1.000000
0.000000 -0.000000 1.000000
0.000000 0.000000 1.000000
1.000000 -0.000000 -0.000000
1.000000 -0.000000 -0.000000
1.000000 0.000000 -0.000000
0.000000 0.000000 -1.000000
-1.000000 0.000000 -0.000000
-1.000000 0.000000 -0.000000
-1.000000 0.000000 -0.000000
0.000000 -0.000000 1.000000
0.000000 0.000000 1.000000
0.000000 -1.000000 -0.000000
0.000000 1.000000 0.000000
0.000000 -0.000000 -1.000000
0.000000 1.000000 0.000000
0.000000 1.000000 0.000000
0.000000 1.000000 0.000000
72
1 0 1 2 0 0 0 3
1 2 3 0 0 0 0 3
1 4 5 1 1 1 1 4
1 1 0 4 1 1 1 4
1 6 7 2 2 2 2 5
1 2 1 6 2 2 2 5
1 8 9 3 3 3 3 6
1 3 2 8 3 3 3 6
1 10 11 0 4 4 4 7
1 0 3 10 4 4 4 7
1 12 13 14 5 6 5 4
1 14 15 12 5 7 5 4
1 15 14 16 8 9 8 5
1 16 17 15 8 10 8 5
1 18 19 20 11 11 11 6
1 20 21 18 11 11 11 6
1 21 20 22 12 13 13 7
1 22 23 21 14 14 12 7
1 24 25 26 15 15 15 3
1 26 27 24 15 15 15 3
1 28 29 25 1 1 1 4
1 25 24 28 1 1 1 4
1 30 31 26 2 2 2 5
1 26 25 30 2 2 2 5
1 32 33 27 3 3 3 6
1 27 26 32 3 3 3 6
1 34 35 24 4 4 4 7
1 24 27 34 4 4 4 7
1 36 37 38 16 16 16 3
1 38 39 36 16 16 16 3
1 40 41 37 1 1 1 4
1 37 36 40 1 1 1 4
1 42 43 38 2 2 2 5
1 38 37 42 2 2 2 5
1 44 45 39 3 3 3 6
1 39 38 44 3 3 3 6
1 46 47 36 4 4 4 7
1 36 39 46 4 4 4 7
1 48 49 50 17 17 17 2
1 50 51 48 17 17 17 2
1 52 53 54 18 18 18 3
1 54 55 52 18 18 18 3
1 56 57 53 0 0 0 4
1 53 52 56 0 0 0 4
1 58 59 54 2 2 2 5
1 54 53 58 2 2 2 5
1 60 61 55 11 11 11 6
1 55 54 60 11 11 11 6
1 62 63 52 4 4 4 7
1 52 55 62 4 4 4 7
1 64 65 66 0 0 0 4
1 66 67 64 0 0 0 4
1 68 69 70 2 2 2 5
1 70 71 68 2 2 2 5
1 71 70 72 19 19 19 6
1 72 73 71 19 19 19 6
1 74 75 65 4 4 4 7
1 65 64 74 4 4 4 7
1 76 77 78 1 1 1 1
1 78 79 76 1 1 1 1
1 80 81 82 1 1 1 1
1 82 83 80 1 1 1 1
1 84 85 86 20 20 20 1
1 86 87 84 20 20 20 1
1 88 89 90 21 21 21 1
1 90 91 88 22 22 22 1
1 92 93 94 11 11 11 1
1 94 95 92 11 11 11 1
1 96 97 98 11 11 11 1
1 98 99 96 11 11 11 1
1 100 101 102 11 11 11 1
1 102 103 100 11 11 11 1

Materials: 1
"01 - Default"
0.588235 0.588235 0.588235 1.000000
0.588235 0.588235 0.588235 1.000000
0.898039 0.898039 0.898039 1.000000
0.000000 0.000000 0.000000 1.000000
12.800000
1.000000
".\desk.bmp"
""

Bones: 0
GroupComments: 0
MaterialComments: 0
BoneComments: 0
ModelComment: 0
