// MilkShape 3D ASCII

Frames: 30
Frame: 1

Meshes: 6
"Regroup01" 0 0
4
0 0.563950 18.357235 -9.500000 0.000000 0.000000 -1
0 0.563950 -0.642765 -9.500000 0.000000 1.000000 -1
0 0.563950 18.357235 9.500000 1.000000 0.000000 -1
0 0.563950 -0.642765 9.500000 1.000000 1.000000 -1
1
-1.000000 0.000000 0.000000
2
0 0 1 2 0 0 0 2
0 1 3 2 0 0 0 2
"Regroup02" 0 1
4
0 0.563950 18.357235 9.500000 0.000000 0.000000 -1
0 0.563950 -0.642765 9.500000 0.000000 1.000000 -1
0 19.563950 18.357235 9.500000 1.000000 0.000000 -1
0 19.563950 -0.642765 9.500000 1.000000 1.000000 -1
1
0.000000 0.000000 1.000000
2
0 0 1 2 0 0 0 1
0 1 3 2 0 0 0 1
"Regroup03" 0 2
4
0 0.563950 18.357235 -9.500000 0.000000 0.000000 -1
0 0.563950 18.357235 9.500000 0.000000 1.000000 -1
0 19.563950 18.357235 -9.500000 1.000000 0.000000 -1
0 19.563950 18.357235 9.500000 1.000000 1.000000 -1
1
0.000000 1.000000 0.000000
2
0 0 1 2 0 0 0 3
0 1 3 2 0 0 0 3
"Regroup04" 0 3
4
0 19.563950 18.357235 9.500000 0.000000 0.000000 -1
0 19.563950 -0.642765 9.500000 0.000000 1.000000 -1
0 19.563950 18.357235 -9.500000 1.000000 0.000000 -1
0 19.563950 -0.642765 -9.500000 1.000000 1.000000 -1
1
1.000000 0.000000 0.000000
2
0 0 1 2 0 0 0 2
0 1 3 2 0 0 0 2
"Regroup05" 0 4
4
0 19.563950 18.357235 -9.500000 0.000000 0.000000 -1
0 19.563950 -0.642765 -9.500000 0.000000 1.000000 -1
0 0.563950 18.357235 -9.500000 1.000000 0.000000 -1
0 0.563950 -0.642765 -9.500000 1.000000 1.000000 -1
1
0.000000 0.000000 -1.000000
2
0 0 1 2 0 0 0 1
0 1 3 2 0 0 0 1
"Regroup06" 1 5
4
1 0.563950 -0.642765 9.500000 0.000000 0.000000 -1
1 0.563950 -0.642765 -9.500000 0.000000 1.000000 -1
1 19.563950 -0.642765 9.500000 1.000000 0.000000 -1
1 19.563950 -0.642765 -9.500000 1.000000 1.000000 -1
1
0.000000 -1.000000 0.000000
2
1 0 1 2 0 0 0 3
1 1 3 2 0 0 0 3

Materials: 6
"Material01"
0.200000 0.200000 0.200000 1.000000
0.800000 0.800000 0.800000 1.000000
0.000000 0.000000 0.000000 1.000000
0.000000 0.000000 0.000000 1.000000
0.000000
1.000000
".\shadow_1.tga"
""
"Material02"
0.200000 0.200000 0.200000 1.000000
0.800000 0.800000 0.800000 1.000000
0.000000 0.000000 0.000000 1.000000
0.000000 0.000000 0.000000 1.000000
0.000000
1.000000
".\shadow_2.tga"
""
"Material03"
0.200000 0.200000 0.200000 1.000000
0.800000 0.800000 0.800000 1.000000
0.000000 0.000000 0.000000 1.000000
0.000000 0.000000 0.000000 1.000000
0.000000
1.000000
".\shadow_3.tga"
""
"Material04"
0.200000 0.200000 0.200000 1.000000
0.800000 0.800000 0.800000 1.000000
0.000000 0.000000 0.000000 1.000000
0.000000 0.000000 0.000000 1.000000
0.000000
1.000000
".\shadow_4.tga"
""
"Material05"
0.200000 0.200000 0.200000 1.000000
0.800000 0.800000 0.800000 1.000000
0.000000 0.000000 0.000000 1.000000
0.000000 0.000000 0.000000 1.000000
0.000000
1.000000
".\shadow_5.tga"
""
"Material06"
0.200000 0.200000 0.200000 1.000000
0.800000 0.800000 0.800000 1.000000
0.000000 0.000000 0.000000 1.000000
0.000000 0.000000 0.000000 1.000000
0.000000
1.000000
".\shadow_6.tga"
""

Bones: 0
GroupComments: 0
MaterialComments: 0
BoneComments: 0
ModelComment: 0
