51.245,-38.875,-1.754
41.645,-38.876,-1.753
22.445,-38.876,-1.752
22.445,-61.278,-1.751
3.245,-61.278,-1.750
-15.955,-61.278,-1.750
-15.955,-43.678,-1.750
-15.955,-26.078,-1.750
9.645,-26.078,-1.750
22.445,-26.078,-1.750
22.445,12.322,-1.750
-3.155,12.322,-1.750
-3.155,28.322,-1.750
-3.155,66.721,-1.749
17.645,66.721,-1.749
67.242,66.723,-11.017
67.242,56.624,-11.013
41.661,56.622,-20.239
41.660,66.722,-20.240
41.645,-38.876,-1.753 41.645,-58.576,-1.752
3.245,-61.278,-1.750 3.245,-47.978,-1.750
-15.955,-43.678,-1.750 -35.678,-43.674,-1.750
-15.955,-26.078,-1.750 -15.955,-9.578,-1.750 -9.555,-9.578,-1.750 -9.555,0.022,-1.750 -15.955,0.022,-1.750
9.645,-26.078,-1.750 9.645,0.022,-1.750 3.245,0.022,-1.750 3.245,-9.578,-1.750 9.645,-9.578,-1.750 9.645,-26.078,-1.750
22.445,-26.078,-1.750 41.645,-26.078,-1.750 51.245,-26.078,-1.750
22.445,-26.078,-1.750 41.645,-26.078,-1.750 41.645,-9.578,-1.750
-3.155,12.322,-1.750 -41.554,12.322,-1.750 -41.552,67.222,-1.747 -15.954,67.221,-1.749 -15.956,48.021,-1.750 -41.554,48.022,-1.748
-3.155,28.322,-1.750 -26.051,28.360,-1.750
17.645,66.721,-1.749 17.662,43.827,-1.749