// MilkShape 3D ASCII

Frames: 30
Frame: 1

Meshes: 1
"Box01" 1 1
169
1 -3.666019 -41.337833 -9.529213 0.684917 0.978250 -1
1 -8.019145 -25.992802 -10.884819 0.710774 0.865398 -1
1 0.707332 -25.163807 -13.775215 0.524587 0.857592 -1
1 0.707332 -41.337826 -13.110657 0.524438 0.978250 -1
1 -19.115078 -6.003124 -26.810907 0.310155 0.639682 -1
1 -21.041416 21.482508 -16.228783 0.226630 0.684537 -1
1 -10.185630 28.585711 -27.424784 0.186692 0.594108 -1
1 0.707332 -41.337833 0.359282 0.990438 0.978641 -1
1 0.707332 -28.049229 4.763964 0.990433 0.933520 -1
1 -5.052776 -27.672436 1.089548 0.805330 0.881029 -1
1 -2.534435 -41.387371 -1.610052 0.794731 0.978718 -1
1 -17.994492 0.446663 23.995783 0.836678 0.589334 -1
1 -19.017189 6.780445 25.896803 0.837574 0.530386 -1
1 -20.735641 -2.949490 15.898287 0.809624 0.620980 -1
1 -1.105000 3.203960 29.764799 0.971440 0.563709 -1
1 -3.531431 9.027241 32.083641 0.948535 0.509509 -1
1 -2.387616 0.812473 27.399786 0.955227 0.585919 -1
1 0.707332 3.212383 30.219023 0.990426 0.563987 -1
1 -22.171219 22.658772 17.240908 0.809772 0.382637 -1
1 -11.597942 10.548916 29.864592 0.880577 0.495294 -1
1 -9.152538 30.665188 26.031286 0.888180 0.308112 -1
1 0.707332 8.096371 31.992270 0.990426 0.518529 -1
1 0.707332 31.127056 25.213789 0.990430 0.304169 -1
1 0.707332 -14.523144 -32.055481 0.288481 0.505642 -1
1 0.707331 28.056574 -28.601439 0.165465 0.505651 -1
1 -16.266392 30.725658 -18.686188 0.184441 0.659150 -1
1 0.707332 38.017467 -18.656830 0.095386 0.505664 -1
1 -9.589067 38.527340 -18.656837 0.132145 0.623434 -1
1 -10.976652 42.042843 -3.228174 0.102706 0.746709 -1
1 0.707332 41.574764 -2.573244 0.009284 0.989848 -1
1 -25.928585 20.839745 -1.161428 0.248066 0.752612 -1
1 -19.414593 33.163891 -2.661322 0.179803 0.747929 -1
1 0.707332 39.967815 11.908445 0.097485 0.990222 -1
1 -9.713449 40.477680 11.908438 0.128973 0.869383 -1
1 -10.092619 36.144909 23.478323 0.184637 0.908659 -1
1 0.707332 31.127056 25.213789 0.182572 0.990236 -1
1 -24.526726 -15.241428 -8.736418 0.337545 0.721298 -1
1 -23.010948 -8.520168 1.293398 0.302889 0.764884 -1
1 -18.737095 -20.994408 -6.309336 0.749742 0.788931 -1
1 -17.966629 -19.876217 -0.218779 0.768622 0.778518 -1
1 -22.171219 22.658772 17.240908 0.244577 0.831258 -1
1 -27.047253 -9.114643 4.985018 0.334238 0.775621 -1
1 -27.371254 -3.543968 12.977381 0.328522 0.803488 -1
1 -20.679340 -9.525745 9.636595 0.299589 0.806245 -1
1 -20.735641 -2.949490 15.898287 0.294395 0.831153 -1
1 -8.019145 -25.992802 -10.884819 0.218129 0.663705 -1
1 -12.287653 -16.801857 -20.904825 0.280327 0.630322 -1
1 0.707332 -17.970318 -25.598509 0.254836 0.505644 -1
1 0.707332 -25.163807 -13.775215 0.157161 0.505651 -1
1 -10.036064 -25.089710 19.131369 0.862149 0.827038 -1
1 -4.595491 -27.806133 24.038282 0.924964 0.852267 -1
1 0.707332 -29.741398 25.191732 0.990423 0.870707 -1
1 -4.238141 -41.337833 -5.564890 0.735516 0.978280 -1
1 -24.526726 -15.241428 -8.736418 0.642373 0.694354 -1
1 -18.737095 -20.994408 -6.309336 0.668468 0.635370 -1
1 -23.215736 -22.632637 -7.094072 0.697421 0.658921 -1
1 -30.534164 -15.719612 -7.094072 0.667999 0.734834 -1
1 -18.737095 -20.994408 -6.309336 0.729619 0.639806 -1
1 -17.966629 -19.876217 -0.218779 0.770037 0.672820 -1
1 -23.010948 -8.520168 1.293398 0.768622 0.778518 -1
1 -23.623135 -14.565388 -3.180273 0.724088 0.723863 -1
1 -24.817196 -7.749119 -2.453587 0.583375 0.728439 -1
1 -23.010948 -8.520168 1.293398 0.558980 0.722316 -1
1 -27.195545 -8.699623 -6.465780 0.611497 0.731230 -1
1 -26.290226 -6.737862 -1.413742 0.731174 0.796142 -1
1 -29.842896 -6.749435 -3.734230 0.705889 0.800272 -1
1 -26.290226 -6.737862 -1.413742 0.580263 0.739778 -1
1 -29.842896 -6.749435 -3.734230 0.604605 0.755195 -1
1 -20.679340 -9.525745 9.636595 0.793898 0.682189 -1
1 -16.263283 -12.747028 22.767183 0.840018 0.712124 -1
1 -3.726533 -13.108109 30.106634 0.951888 0.715471 -1
1 -2.085214 -13.345417 35.979881 0.965680 0.717687 -1
1 0.707332 -12.661762 37.962608 0.990424 0.711737 -1
1 -23.010948 -8.520168 1.293398 0.770037 0.672820 -1
1 -1.288286 -15.941723 30.548727 0.970096 0.741852 -1
1 0.707332 -15.998753 30.859236 0.990424 0.742796 -1
1 -11.232051 -0.673729 25.986208 0.873684 0.599758 -1
1 -9.008412 -12.950241 28.202024 0.894200 0.714001 -1
1 -9.152538 30.665188 26.031286 0.201558 0.920454 -1
1 -16.491329 18.937841 29.394514 0.262112 0.889103 -1
1 -23.731625 10.442158 18.809790 0.283304 0.831712 -1
1 -18.101501 32.808544 15.339842 0.198390 0.838666 -1
1 -17.443703 29.427639 23.630056 0.225924 0.869819 -1
1 -18.077038 10.510769 30.817152 0.291598 0.885551 -1
1 -24.507133 -53.511059 33.106430 0.521750 0.867352 -1
1 -20.497841 20.063595 25.154303 0.262538 0.861732 -1
1 -22.002861 10.158382 26.712072 0.295638 0.860458 -1
1 -25.475811 -60.322956 12.419214 0.543086 0.805513 -1
1 -29.285133 -57.758465 -27.118536 0.537512 0.667096 -1
1 -18.737095 -20.994408 -6.309336 0.312131 0.728137 -1
1 -4.415152 -65.250381 -40.498032 0.566987 0.535942 -1
1 5.080683 -41.337833 -9.529213 0.685729 0.978342 -1
1 0.707332 -41.337826 -13.110657 0.524149 0.978342 -1
1 0.707332 -25.163807 -13.775215 0.524001 0.857776 -1
1 9.433809 -25.992802 -10.884819 0.710807 0.865402 -1
1 20.529743 -6.003124 -26.810907 0.303902 0.364928 -1
1 11.600292 28.585711 -27.424784 0.181662 0.413826 -1
1 22.456081 21.482508 -16.228783 0.222421 0.317227 -1
1 3.949099 -41.387371 -1.610052 0.795614 0.978796 -1
1 6.467440 -27.672436 1.089548 0.805433 0.881038 -1
1 19.409157 0.446663 23.995783 0.837514 0.589434 -1
1 22.150307 -2.949490 15.898287 0.809908 0.621007 -1
1 20.431854 6.780445 25.896803 0.838335 0.530478 -1
1 2.519663 3.203960 29.764799 0.971379 0.563731 -1
1 3.802279 0.812473 27.399786 0.954959 0.586039 -1
1 4.946096 9.027241 32.083641 0.948495 0.509530 -1
1 23.585884 22.658772 17.240908 0.809901 0.382649 -1
1 13.012606 10.548916 29.864592 0.881066 0.495418 -1
1 10.567202 30.665188 26.031286 0.888247 0.308133 -1
1 17.681057 30.725658 -18.686188 0.179598 0.344112 -1
1 0.707332 41.574764 -2.573244 0.009284 0.020617 -1
1 12.391315 42.042843 -3.228174 0.102862 0.253534 -1
1 11.003729 38.527340 -18.656837 0.127931 0.382394 -1
1 20.829258 33.163891 -2.661322 0.180156 0.252320 -1
1 27.343250 20.839745 -1.161428 0.248870 0.247670 -1
1 0.707332 39.967815 11.908445 0.097485 0.020991 -1
1 0.707332 31.127056 25.213789 0.182572 0.021005 -1
1 11.507284 36.144909 23.478323 0.189368 0.099862 -1
1 11.128111 40.477680 11.908438 0.133167 0.136552 -1
1 24.425613 -8.520168 1.293398 0.304696 0.235580 -1
1 25.941391 -15.241428 -8.736418 0.335853 0.279148 -1
1 20.151760 -20.994408 -6.309336 0.750167 0.788965 -1
1 19.381298 -19.876217 -0.218779 0.769173 0.778563 -1
1 23.585884 22.658772 17.240908 0.250250 0.172138 -1
1 28.785919 -3.543968 12.977381 0.332887 0.198344 -1
1 28.461914 -9.114643 4.985018 0.336780 0.225109 -1
1 22.150307 -2.949490 15.898287 0.300178 0.172238 -1
1 22.094006 -9.525745 9.636595 0.304233 0.195724 -1
1 9.433809 -25.992802 -10.884819 0.212972 0.339259 -1
1 13.702314 -16.801857 -20.904825 0.273911 0.374975 -1
1 11.450727 -25.089710 19.131369 0.862470 0.827093 -1
1 6.010153 -27.806133 24.038282 0.924923 0.852430 -1
1 5.652803 -41.337833 -5.564890 0.735890 0.978312 -1
1 25.941391 -15.241428 -8.736418 0.642658 0.692714 -1
1 31.948830 -15.719612 -7.094072 0.669098 0.735252 -1
1 24.630405 -22.632637 -7.094072 0.698060 0.658978 -1
1 20.151760 -20.994408 -6.309336 0.668751 0.635364 -1
1 20.151760 -20.994408 -6.309336 0.730286 0.639360 -1
1 19.381298 -19.876217 -0.218779 0.770599 0.672866 -1
1 25.037800 -14.565388 -3.180273 0.724337 0.723908 -1
1 24.425613 -8.520168 1.293398 0.769173 0.778563 -1
1 26.231861 -7.749119 -2.453587 0.583399 0.728814 -1
1 28.610207 -8.699623 -6.465780 0.611569 0.731250 -1
1 24.425613 -8.520168 1.293398 0.558955 0.722787 -1
1 27.704891 -6.737862 -1.413742 0.731871 0.796373 -1
1 31.257561 -6.749435 -3.734230 0.706304 0.800579 -1
1 27.704891 -6.737862 -1.413742 0.580487 0.740298 -1
1 31.257561 -6.749435 -3.734230 0.604953 0.755259 -1
1 17.677948 -12.747028 22.767183 0.840993 0.712246 -1
1 22.094006 -9.525745 9.636595 0.794221 0.682217 -1
1 5.141199 -13.108109 30.106634 0.951578 0.715621 -1
1 3.499876 -13.345417 35.979881 0.965317 0.717823 -1
1 24.425613 -8.520168 1.293398 0.770599 0.672866 -1
1 2.702951 -15.941723 30.548727 0.969712 0.741988 -1
1 12.646711 -0.673729 25.986208 0.874189 0.599866 -1
1 10.423075 -12.950241 28.202024 0.894588 0.714152 -1
1 25.146294 10.442158 18.809790 0.289120 0.171713 -1
1 17.905991 18.937841 29.394514 0.268231 0.118187 -1
1 10.567202 30.665188 26.031286 0.206050 0.088742 -1
1 19.516171 32.808544 15.339842 0.203771 0.165199 -1
1 18.858372 29.427639 23.630056 0.232023 0.136160 -1
1 25.921799 -53.511059 33.106430 0.523319 0.138470 -1
1 19.491703 10.510769 30.817152 0.297819 0.121505 -1
1 21.912506 20.063595 25.154303 0.268904 0.143692 -1
1 23.417526 10.158382 26.712072 0.302015 0.144880 -1
1 26.890476 -60.322956 12.419214 0.543688 0.196424 -1
1 30.699799 -57.758465 -27.118536 0.536614 0.335644 -1
1 20.151760 -20.994408 -6.309336 0.310937 0.272195 -1
1 5.829815 -65.250381 -40.498032 0.566985 0.474901 -1
218
-0.700818 -0.179161 -0.690475
-0.778585 -0.605911 -0.163335
-0.474062 -0.101424 -0.874630
-0.633262 -0.031773 -0.773285
-0.680153 0.009617 -0.733007
-0.896374 0.228095 -0.380114
-0.410974 0.309945 -0.857342
0.000000 -0.304187 0.952612
0.000000 -0.950425 0.310955
-0.660135 -0.674542 0.330476
-0.729111 -0.258606 0.633656
-0.645382 -0.166376 0.745521
-0.682292 -0.148602 0.715818
-0.929739 -0.184673 0.318561
-0.662024 -0.061106 0.746988
-0.157859 -0.177434 0.971390
-0.448683 -0.110194 0.886871
0.000000 -0.021202 0.999775
-0.770026 0.162281 0.617029
-0.433551 0.019842 0.900911
-0.277157 0.249186 0.927950
0.000000 -0.031325 0.999509
0.000000 0.283806 0.958882
0.000000 0.066382 -0.997794
-0.000000 0.509583 -0.860422
-0.778281 0.465231 -0.421709
-0.000000 0.918844 -0.394621
-0.379919 0.777217 -0.501593
-0.287397 0.953298 -0.092879
0.045176 0.998977 -0.001872
-0.978896 0.204102 0.010277
-0.800426 0.590897 -0.100793
0.129869 0.931733 0.339127
-0.331311 0.925287 0.184601
-0.216664 0.754806 0.619132
0.285633 0.798201 0.530366
-0.979542 -0.061030 0.191764
-0.961832 -0.070880 -0.264301
-0.337656 -0.917287 0.211123
-0.659677 -0.739661 0.133149
-0.955991 0.221101 -0.192862
-0.891079 0.113464 -0.439435
-0.861359 0.029817 0.507122
-0.943612 -0.232488 0.235683
-0.278876 -0.763933 -0.581924
0.264831 -0.903452 -0.337102
0.000000 -0.992584 -0.121565
-0.090629 -0.850789 -0.517634
-0.715913 -0.672466 0.187768
-0.471141 -0.741028 0.478438
0.000000 -0.707510 0.706703
-0.959499 -0.233613 0.157435
0.230686 -0.171892 -0.957725
-0.330035 -0.935168 -0.128601
-0.873085 -0.189507 -0.449231
-0.236687 -0.250568 -0.938720
0.320089 -0.938181 0.131753
-0.685862 -0.386745 0.616459
-0.574701 -0.366338 0.731789
0.570529 0.728327 -0.379521
0.874972 0.330573 -0.353759
0.705089 0.471495 -0.529662
0.047571 0.589094 -0.806663
-0.702846 -0.375789 0.603979
-0.612402 -0.366720 0.700343
-0.474257 -0.319252 0.820462
-0.273412 0.213964 -0.937798
-0.671201 -0.350724 0.653056
0.525653 0.847014 -0.079095
0.271230 0.888070 -0.371167
0.280915 0.855819 -0.434350
-0.549201 0.329913 -0.767813
-0.934766 -0.249146 0.253257
-0.801095 -0.335834 0.495441
-0.777936 -0.058031 0.625658
-0.709703 -0.180366 0.681022
0.000000 -0.680632 0.732626
-0.885985 -0.419785 0.197004
-0.863097 -0.448072 0.233012
-0.858704 -0.483379 0.170212
-0.342125 -0.589191 0.731987
-0.000000 -0.690994 0.722860
-0.247695 -0.205613 0.946768
-0.395297 -0.081485 0.914932
0.671823 -0.559592 -0.485295
0.597244 0.025448 0.801656
0.614391 -0.258971 -0.745290
0.871675 -0.170351 -0.459525
-0.780171 0.595517 0.191553
-0.886714 0.399215 0.233165
-0.668499 0.452164 0.590472
0.563243 0.002239 0.826288
-0.857700 0.055396 0.511157
-0.303508 0.248712 0.919796
-0.723391 0.325349 0.608977
-0.543251 0.527318 0.653310
-0.891492 0.339579 0.299880
-0.865396 0.164652 0.473265
-0.396610 -0.070222 0.915297
-0.658572 0.356660 -0.662628
0.989277 -0.074102 -0.125856
-0.971855 -0.233850 0.028483
-0.401099 -0.022392 0.915761
-0.947440 0.185006 0.261019
-0.964550 0.150995 0.216435
0.791547 -0.243463 -0.560517
-0.707161 -0.664588 -0.241342
0.121914 -0.515174 0.848371
-0.585208 -0.265729 0.766107
-0.308642 0.357674 0.881368
0.054630 0.429364 0.901478
0.208875 -0.608478 -0.765588
-0.975105 -0.079596 0.206964
-0.908320 0.391691 0.146742
0.700818 -0.179161 -0.690475
0.633262 -0.031773 -0.773285
0.295679 -0.166972 -0.940582
0.778585 -0.605911 -0.163335
0.680153 0.009617 -0.733007
0.410974 0.309945 -0.857342
0.896374 0.228095 -0.380114
0.729111 -0.258606 0.633656
0.660135 -0.674542 0.330476
0.645382 -0.166376 0.745521
0.929739 -0.184673 0.318561
0.682291 -0.148602 0.715818
0.662024 -0.061106 0.746988
0.448683 -0.110194 0.886871
0.157859 -0.177434 0.971390
0.770026 0.162281 0.617029
0.433551 0.019842 0.900911
0.277157 0.249186 0.927950
0.778281 0.465231 -0.421709
-0.051154 0.975125 -0.215674
0.287397 0.953298 -0.092879
0.379919 0.777217 -0.501593
0.800425 0.590898 -0.100793
0.978896 0.204102 0.010277
-0.285633 0.798201 0.530366
0.216664 0.754806 0.619132
0.331311 0.925287 0.184601
-0.045748 0.935013 0.351650
0.961832 -0.070880 -0.264301
0.979542 -0.061030 0.191764
0.337656 -0.917287 0.211122
0.659677 -0.739661 0.133149
0.955991 0.221101 -0.192863
0.861359 0.029817 0.507122
0.891079 0.113464 -0.439435
0.943612 -0.232488 0.235683
0.090629 -0.850789 -0.517634
-0.264831 -0.903453 -0.337102
0.278876 -0.763933 -0.581924
0.715913 -0.672466 0.187769
0.471141 -0.741028 0.478438
0.959499 -0.233613 0.157435
0.236687 -0.250567 -0.938720
0.873085 -0.189507 -0.449232
0.330035 -0.935168 -0.128600
-0.230686 -0.171892 -0.957725
-0.320089 -0.938181 0.131753
0.685862 -0.386745 0.616459
0.574701 -0.366338 0.731789
-0.570530 0.728327 -0.379521
-0.047571 0.589094 -0.806663
-0.705090 0.471494 -0.529662
-0.874972 0.330573 -0.353759
0.702846 -0.375789 0.603979
0.612402 -0.366720 0.700343
0.474257 -0.319252 0.820462
0.273412 0.213965 -0.937798
0.671201 -0.350723 0.653056
-0.525653 0.847014 -0.079095
-0.280915 0.855819 -0.434350
-0.271230 0.888070 -0.371167
0.549200 0.329913 -0.767813
0.801095 -0.335834 0.495441
0.934766 -0.249146 0.253257
0.777936 -0.058031 0.625658
0.709703 -0.180366 0.681022
0.885985 -0.419785 0.197004
0.858704 -0.483379 0.170212
0.863097 -0.448072 0.233013
0.342125 -0.589191 0.731987
0.247695 -0.205613 0.946768
0.395297 -0.081485 0.914932
-0.871675 -0.170351 -0.459525
-0.614391 -0.258971 -0.745290
-0.597244 0.025447 0.801656
-0.671823 -0.559592 -0.485295
0.780171 0.595517 0.191553
0.668499 0.452164 0.590472
0.886714 0.399214 0.233165
0.857700 0.055396 0.511158
-0.563244 0.002239 0.826288
0.723391 0.325348 0.608977
0.303508 0.248712 0.919796
0.543251 0.527318 0.653310
0.891492 0.339579 0.299880
0.865396 0.164652 0.473265
0.396610 -0.070222 0.915297
0.658572 0.356660 -0.662628
0.971855 -0.233850 0.028483
-0.989277 -0.074102 -0.125856
0.401099 -0.022392 0.915761
0.964550 0.150996 0.216435
0.947440 0.185006 0.261019
0.707161 -0.664588 -0.241342
-0.791547 -0.243463 -0.560517
-0.121914 -0.515174 0.848371
0.585208 -0.265729 0.766107
0.308642 0.357673 0.881368
-0.054630 0.429364 0.901478
-0.208876 -0.608478 -0.765588
0.975105 -0.079596 0.206964
0.908320 0.391690 0.146742
-0.034234 0.994402 0.099967
-0.048572 0.992727 0.110157
254
1 0 1 2 0 1 2 2
1 2 3 0 2 3 0 2
1 4 5 6 4 5 6 2
1 7 8 9 7 8 9 2
1 9 10 7 9 10 7 2
1 11 12 13 11 12 13 2
1 14 15 16 14 15 16 2
1 17 15 14 17 15 14 2
1 13 12 18 13 12 18 2
1 19 15 20 19 15 20 2
1 15 21 22 15 21 22 2
1 22 20 15 22 20 15 2
1 23 6 24 23 6 24 2
1 6 5 25 6 5 25 2
1 26 27 28 26 27 28 2
1 28 29 26 28 29 26 2
1 5 30 31 5 30 31 2
1 31 25 5 31 25 5 2
1 32 33 34 32 33 34 2
1 34 35 32 34 35 32 2
1 36 37 30 36 37 30 2
1 30 5 36 30 5 36 2
1 38 1 39 38 1 39 2
1 40 41 42 40 41 42 2
1 37 43 44 37 43 43 2
1 39 1 9 39 1 9 2
1 45 46 47 44 45 46 2
1 47 48 45 46 47 47 2
1 9 49 39 9 48 39 2
1 50 49 9 49 48 9 2
1 9 8 50 9 8 49 2
1 8 51 50 8 50 49 2
1 1 0 52 1 0 51 2
1 9 1 52 9 1 51 2
1 52 10 9 51 10 9 2
1 53 54 55 52 52 53 2
1 55 56 53 53 54 55 2
1 57 58 55 56 56 53 2
1 58 59 60 57 57 58 2
1 61 62 53 59 60 60 2
1 53 63 61 61 62 59 2
1 59 64 60 63 64 58 2
1 60 64 65 58 64 65 2
1 53 56 63 66 54 62 2
1 56 55 60 54 53 58 2
1 60 65 56 58 65 54 2
1 60 55 58 58 53 67 2
1 62 61 66 68 59 68 2
1 61 63 67 59 62 69 2
1 67 66 61 70 70 59 2
1 67 63 56 71 62 54 2
1 13 68 69 13 72 73 2
1 69 11 13 73 11 13 2
1 70 71 14 74 75 14 2
1 14 16 70 14 16 74 2
1 71 72 17 75 76 17 2
1 17 14 71 17 14 75 2
1 73 39 68 77 39 77 2
1 68 39 49 78 39 48 2
1 49 69 68 48 73 79 2
1 74 71 70 80 75 74 2
1 74 75 72 80 81 76 2
1 72 71 74 76 75 80 2
1 15 17 21 15 17 21 2
1 15 19 76 15 19 82 2
1 76 16 15 82 16 15 2
1 16 76 77 16 82 83 2
1 77 70 16 83 74 16 2
1 77 50 74 83 49 80 2
1 74 70 77 80 74 83 2
1 74 50 51 80 49 50 2
1 51 75 74 50 81 80 2
1 19 20 18 19 20 18 2
1 18 12 19 18 12 19 2
1 12 11 76 12 11 82 2
1 76 19 12 82 19 12 2
1 11 69 77 11 73 83 2
1 77 76 11 83 82 11 2
1 50 77 69 49 83 73 2
1 69 49 50 73 48 49 2
1 40 78 79 84 84 85 2
1 79 80 40 85 86 87 2
1 81 40 82 88 89 90 2
1 80 79 83 86 85 91 2
1 83 84 80 91 92 86 2
1 78 82 85 93 90 94 2
1 85 79 78 94 85 95 2
1 82 40 85 90 96 94 2
1 80 84 86 86 92 97 2
1 86 84 83 97 92 91 2
1 44 40 42 98 98 42 2
1 40 37 41 99 37 41 2
1 37 44 87 37 100 101 2
1 44 42 87 102 42 101 2
1 42 41 87 42 41 101 2
1 41 37 87 41 37 101 2
1 86 85 40 97 94 103 2
1 40 80 86 104 86 97 2
1 86 83 79 97 91 85 2
1 79 85 86 85 94 97 2
1 46 45 88 45 105 106 2
1 45 89 88 107 107 106 2
1 89 36 88 108 36 106 2
1 36 5 88 36 5 106 2
1 5 4 88 5 4 106 2
1 4 46 88 4 45 106 2
1 27 25 31 27 25 31 2
1 31 28 27 31 28 27 2
1 25 27 6 25 27 6 2
1 82 78 34 90 109 34 2
1 34 78 35 34 110 110 2
1 46 4 90 45 4 111 2
1 4 6 90 4 6 111 2
1 6 23 90 6 23 111 2
1 23 47 90 23 46 111 2
1 47 46 90 46 45 111 2
1 37 40 30 37 112 30 2
1 30 40 81 30 113 88 2
1 81 31 30 88 31 30 2
1 31 81 33 31 88 33 2
1 33 28 31 33 28 31 2
1 33 32 29 33 32 29 2
1 29 28 33 29 28 33 2
1 91 92 93 114 115 115 2
1 93 94 91 116 117 114 2
1 95 96 97 118 119 120 2
1 7 98 99 7 121 122 2
1 99 8 7 122 8 7 2
1 100 101 102 123 124 125 2
1 103 104 105 126 127 128 2
1 17 103 105 17 126 128 2
1 101 106 102 124 129 125 2
1 107 108 105 130 131 128 2
1 105 108 22 128 131 22 2
1 22 21 105 22 21 128 2
1 23 24 96 23 24 119 2
1 96 109 97 119 132 120 2
1 26 110 111 26 133 134 2
1 111 112 26 134 135 26 2
1 97 109 113 120 132 136 2
1 113 114 97 136 137 120 2
1 115 116 117 138 138 139 2
1 117 118 115 139 140 141 2
1 114 119 120 137 142 143 2
1 120 97 114 143 120 137 2
1 121 122 94 144 145 117 2
1 123 124 125 146 147 148 2
1 119 126 127 142 149 149 2
1 122 99 94 145 122 117 2
1 128 48 47 150 150 46 2
1 47 129 128 46 151 152 2
1 99 122 130 122 145 153 2
1 131 8 99 154 8 122 2
1 99 130 131 122 153 154 2
1 8 131 51 8 154 50 2
1 94 132 91 117 155 114 2
1 99 98 132 122 121 155 2
1 132 94 99 155 117 122 2
1 133 134 135 156 157 158 2
1 135 136 133 158 159 159 2
1 137 135 138 160 158 160 2
1 138 139 140 161 162 161 2
1 141 142 133 163 164 165 2
1 133 143 141 166 166 163 2
1 140 139 144 167 162 168 2
1 139 145 144 162 169 168 2
1 133 142 134 170 164 157 2
1 134 145 139 157 169 162 2
1 139 135 134 162 158 157 2
1 139 138 135 162 171 158 2
1 143 146 141 172 172 163 2
1 141 146 147 163 173 173 2
1 147 142 141 174 164 163 2
1 147 134 142 175 157 164 2
1 101 100 148 124 123 176 2
1 148 149 101 176 177 124 2
1 150 104 103 178 127 126 2
1 103 151 150 126 179 178 2
1 151 103 17 179 126 17 2
1 17 72 151 17 76 179 2
1 152 149 122 180 180 145 2
1 149 148 130 181 176 153 2
1 130 122 149 153 145 182 2
1 153 150 151 183 178 179 2
1 153 151 72 183 179 76 2
1 72 75 153 76 81 183 2
1 105 21 17 128 21 17 2
1 154 107 105 184 130 128 2
1 105 104 154 128 127 184 2
1 104 150 155 127 178 185 2
1 155 154 104 185 184 127 2
1 153 131 155 183 154 185 2
1 155 150 153 185 178 183 2
1 51 131 153 50 154 183 2
1 153 75 51 183 81 50 2
1 106 108 107 129 131 130 2
1 107 102 106 130 125 129 2
1 102 107 154 125 130 184 2
1 154 100 102 184 123 125 2
1 100 154 155 123 184 185 2
1 155 148 100 185 176 123 2
1 148 155 131 176 185 154 2
1 131 130 148 154 153 176 2
1 123 156 157 186 187 188 2
1 157 158 123 188 189 189 2
1 159 160 123 190 191 192 2
1 156 161 162 187 193 194 2
1 162 157 156 194 188 187 2
1 163 160 158 195 191 196 2
1 158 157 163 197 188 195 2
1 160 163 123 191 195 198 2
1 156 164 161 187 199 193 2
1 164 162 161 199 194 193 2
1 126 124 123 200 147 200 2
1 123 125 119 201 148 142 2
1 119 165 126 142 202 203 2
1 126 165 124 204 202 147 2
1 124 165 125 147 202 148 2
1 125 165 119 148 202 142 2
1 164 156 123 199 187 205 2
1 123 163 164 206 195 199 2
1 164 163 157 199 195 188 2
1 157 162 164 188 194 199 2
1 129 166 128 151 207 208 2
1 128 166 167 209 207 209 2
1 167 166 120 210 207 143 2
1 120 166 97 143 207 120 2
1 97 166 95 120 207 118 2
1 95 166 129 118 207 151 2
1 112 111 113 135 134 136 2
1 113 109 112 136 132 135 2
1 109 96 112 132 119 135 2
1 160 117 158 191 139 211 2
1 117 116 158 139 212 212 2
1 129 168 95 151 213 118 2
1 95 168 96 118 213 119 2
1 96 168 23 119 213 23 2
1 23 168 47 23 213 46 2
1 47 168 129 46 213 151 2
1 119 114 123 142 137 214 2
1 114 113 159 137 136 190 2
1 159 123 114 190 215 137 2
1 113 111 118 136 134 140 2
1 118 159 113 140 190 136 2
1 118 111 110 140 134 216 2
1 110 115 118 217 217 140 2
1 27 26 24 27 26 24 2
1 24 6 27 24 6 27 2
1 24 26 112 24 26 135 2
1 112 96 24 135 119 24 2
1 81 82 34 88 90 34 2
1 34 33 81 34 33 88 2
1 117 160 159 139 191 190 2
1 159 118 117 190 140 139 2

Materials: 2
"01 - Default"
0.588235 0.588235 0.588235 1.000000
0.588235 0.588235 0.588235 1.000000
0.898039 0.898039 0.898039 1.000000
0.000000 0.000000 0.000000 1.000000
12.799999
1.000000
"FACE.JPG"
""
"03 - Default"
0.588235 0.588235 0.588235 1.000000
0.588235 0.588235 0.588235 1.000000
0.898039 0.898039 0.898039 1.000000
0.000000 0.000000 0.000000 1.000000
12.799999
1.000000
".\animefacetex.bmp"
""

Bones: 0
GroupComments: 0
MaterialComments: 0
BoneComments: 0
ModelComment: 0
